39560 17001 9925 4216 0.78123453236
39560 17001 9925 4216 0.793285395168
39560 17001 9925 4216 0.786264420135
39644 16917 9841 4300 0.776555015853
39644 16917 9841 4300 0.783223356755
39644 16917 9841 4300 0.778022951596
39590 16971 9895 4246 0.781048522487
39590 16971 9895 4246 0.787753449265
39590 16971 9895 4246 0.784380937657
39659 16902 9826 4315 0.774335884471
39659 16902 9826 4315 0.781225325881
39659 16902 9826 4315 0.777387929615
39659 16902 9826 4315 0.773867584265
39659 16902 9826 4315 0.784429640478
39659 16902 9826 4315 0.778245362314
